<?xml version="1.0"?>
        <opencv_storage>
        <Camera_Matrix type_id="opencv-matrix">
        <rows>3</rows>
        <cols>3</cols>
        <dt>d</dt>
        <data>
            882.6541784948577 0.0 377.74278727470255 0.0 909.7290050597996 264.05690256454665 0.0 0.0 1.0
        </data></Camera_Matrix>
        <Distortion_Coefficients type_id="opencv-matrix">
        <rows>1</rows>
        <cols>5</cols>
        <dt>d</dt>
        <data>
            -0.8381377988304659 11.268835373713987 -0.03291265701103268 -0.013233638989273388 -43.499280873742705
        </data></Distortion_Coefficients>
        </opencv_storage>