<?xml version="1.0"?>
        <opencv_storage>
        <Camera_Matrix type_id="opencv-matrix">
        <rows>3</rows>
        <cols>3</cols>
        <dt>d</dt>
        <data>
            475.5955391940856 0.0 268.9121131388522 0.0 472.81443842000976 279.36146773814863 0.0 0.0 1.0
        </data></Camera_Matrix>
        <Distortion_Coefficients type_id="opencv-matrix">
        <rows>1</rows>
        <cols>5</cols>
        <dt>d</dt>
        <data>
            -0.3949164193322264 0.9903964529179456 0.009065567548562524 0.010128172598866387 -1.1316727990091437
        </data></Distortion_Coefficients>
        </opencv_storage>