<?xml version="1.0"?>
        <opencv_storage>
        <Camera_Matrix type_id="opencv-matrix">
        <rows>3</rows>
        <cols>3</cols>
        <dt>d</dt>
        <data>
            554.4264719847486 0.0 309.4008281302562 0.0 539.4288000444258 226.42476136487662 0.0 0.0 1.0
        </data></Camera_Matrix>
        <Distortion_Coefficients type_id="opencv-matrix">
        <rows>1</rows>
        <cols>5</cols>
        <dt>d</dt>
        <data>
            0.29931143396122084 -1.444886126803382 0.011940106400677362 -0.007578116607957966 1.973793502907594
        </data></Distortion_Coefficients>
        </opencv_storage>