<?xml version="1.0"?>
        <opencv_storage>
        <Camera_Matrix type_id="opencv-matrix">
        <rows>3</rows>
        <cols>3</cols>
        <dt>d</dt>
        <data>
            1108.3413111807547 0.0 250.01280274978453 0.0 1096.113080132696 306.40529557499957 0.0 0.0 1.0
        </data></Camera_Matrix>
        <Distortion_Coefficients type_id="opencv-matrix">
        <rows>1</rows>
        <cols>5</cols>
        <dt>d</dt>
        <data>
            -4.834516791022691 142.8687694229802 -0.0039960673284375105 0.07207906338341842 -1814.6870927483963
        </data></Distortion_Coefficients>
        </opencv_storage>