<?xml version="1.0"?>
        <opencv_storage>
        <Camera_Matrix type_id="opencv-matrix">
        <rows>3</rows>
        <cols>3</cols>
        <dt>d</dt>
        <data>
<<<<<<< HEAD
            554.4264719847486 0.0 309.4008281302562 0.0 539.4288000444258 226.42476136487662 0.0 0.0 1.0
=======
            882.6541784948577 0.0 377.74278727470255 0.0 909.7290050597996 264.05690256454665 0.0 0.0 1.0
>>>>>>> 82cc0bf5ec6fa51b77db93225daa572b70fb77ee
        </data></Camera_Matrix>
        <Distortion_Coefficients type_id="opencv-matrix">
        <rows>1</rows>
        <cols>5</cols>
        <dt>d</dt>
        <data>
<<<<<<< HEAD
            0.29931143396122084 -1.444886126803382 0.011940106400677362 -0.007578116607957966 1.973793502907594
=======
            -0.8381377988304659 11.268835373713987 -0.03291265701103268 -0.013233638989273388 -43.499280873742705
>>>>>>> 82cc0bf5ec6fa51b77db93225daa572b70fb77ee
        </data></Distortion_Coefficients>
        </opencv_storage>