<?xml version="1.0"?>
        <opencv_storage>
        <Camera_Matrix type_id="opencv-matrix">
        <rows>3</rows>
        <cols>3</cols>
        <dt>d</dt>
        <data>
            254.0610898320375 0.0 295.8027814859111 0.0 251.63914515681742 292.7526773347882 0.0 0.0 1.0
        </data></Camera_Matrix>
        <Distortion_Coefficients type_id="opencv-matrix">
        <rows>1</rows>
        <cols>5</cols>
        <dt>d</dt>
        <data>
            -0.06731823480444882 0.3389576669243746 0.0030045269519399856 -0.002584966663702476 -0.5272637420187211
        </data></Distortion_Coefficients>
        </opencv_storage>