<?xml version="1.0"?>
        <opencv_storage>
        <Camera_Matrix type_id="opencv-matrix">
        <rows>3</rows>
        <cols>3</cols>
        <dt>d</dt>
        <data>
            9857.055665280168 0.0 133.2889126383495 0.0 5121.503712180885 342.3531303887186 0.0 0.0 1.0
        </data></Camera_Matrix>
        <Distortion_Coefficients type_id="opencv-matrix">
        <rows>1</rows>
        <cols>5</cols>
        <dt>d</dt>
        <data>
            -82.7167841032946 6681.644219922145 0.1143089810189565 0.8627036496452076 -12209.84298130798
        </data></Distortion_Coefficients>
        </opencv_storage>
