<?xml version="1.0"?>
        <opencv_storage>
        <Camera_Matrix type_id="opencv-matrix">
        <rows>3</rows>
        <cols>3</cols>
        <dt>d</dt>
        <data>
            750.0906069104769 0.0 326.6748668234547 0.0 742.559418605345 241.37193725272382 0.0 0.0 1.0
        </data></Camera_Matrix>
        <Distortion_Coefficients type_id="opencv-matrix">
        <rows>1</rows>
        <cols>5</cols>
        <dt>d</dt>
        <data>
            0.8406353340146011 -11.634553687313682 0.004540868467144284 0.006911438128412724 56.55915455370704
        </data></Distortion_Coefficients>
        </opencv_storage>
